11.62
37.49
43.61
-8.42
-24.9
-43.34
-8.19
53.99
-1.44
47.67
33.92
-35.03
31.12
-0.41
-9.78
-11.59
20.34
25.9
19.75
36.44
-8.07
5.71
5.5
18.79
31.71
24.02
18.37
-0.99
52.62
31.56
6.56
-10.78
43.36
11.96
0.47
26.89
-8.73
22.8
16.48
12.45
-10.06
23.98
11.06
-8.5
4.01
14.31
18.98
-14.66
-26.47
37.2
23.84
-7.18
6.56
18.44
32.42
-4.91
21.55
22.56
6.27
31.73
18.67
5.25
16.61
31.69
-3.1
30.47
7.62
10.08
1.32
37.58
22.96
33.36
28.58
21.04
-9.1
-11.89
-22.1
28.68
10.88
4.91
15.79
5.49
-37
26.46
15.06
2.11
16
32.39
13.69
1.38
11.96
21.83
-4.38
31.49
18.4
28.71
-18.11
